1 0.6203125 0.29921875 0.0796875 0.11796875
0 0.8921875 0.60390625 0.02734375 0.046875
0 0.91796875 0.60859375 0.028125 0.0484375
0 0.50859375 0.609375 0.028125 0.04921875
0 0.48046875 0.61171875 0.02890625 0.04921875
0 0.94453125 0.61328125 0.02890625 0.0484375
0 0.45078125 0.6171875 0.03046875 0.0484375
0 0.9734375 0.6203125 0.03203125 0.05078125
0 0.421875 0.621875 0.03203125 0.04921875
0 0.890625 0.66953125 0.02734375 0.04453125
0 0.509375 0.675 0.0265625 0.046875
0 0.91640625 0.678125 0.028125 0.05
0 0.48046875 0.68046875 0.02890625 0.046875
0 0.94375 0.684375 0.0296875 0.04921875
0 0.45 0.6875 0.03046875 0.046875
0 0.96953125 0.69140625 0.02265625 0.04921875
0 0.4234375 0.6921875 0.02421875 0.05078125
0 0.89140625 0.7328125 0.0265625 0.04921875
0 0.51171875 0.7359375 0.028125 0.04765625
0 0.9171875 0.7421875 0.028125 0.05078125
0 0.4828125 0.74375 0.02890625 0.04921875
0 0.94375 0.75 0.02890625 0.05078125
0 0.45390625 0.7515625 0.0296875 0.05
0 0.97109375 0.75859375 0.03046875 0.05390625
0 0.425 0.7609375 0.02421875 0.0515625