0 0.56484375 0.290625 0.0890625 0.146875
0 0.734375 0.39609375 0.02109375 0.0359375
0 0.8296875 0.4015625 0.01796875 0.03125
0 0.7046875 0.403125 0.01875 0.034375
0 0.8609375 0.415625 0.02265625 0.03984375
0 0.76171875 0.4171875 0.01875 0.0375
0 0.9546875 0.41953125 0.0203125 0.03671875
0 0.71796875 0.4203125 0.02109375 0.04140625
0 0.97109375 0.425 0.01875 0.0390625
0 0.8109375 0.4265625 0.02265625 0.0421875
0 0.9875 0.43046875 0.02265625 0.046875
0 0.7359375 0.43046875 0.01953125 0.03359375
0 0.771875 0.43671875 0.0203125 0.03359375
0 0.84921875 0.43671875 0.01953125 0.0375
0 0.953125 0.459375 0.01875 0.03359375
0 0.9703125 0.4609375 0.0203125 0.03515625
0 0.71171875 0.46484375 0.01953125 0.0328125
0 0.7328125 0.465625 0.02109375 0.034375
0 0.8390625 0.46640625 0.01875 0.03515625
0 0.77109375 0.4671875 0.01953125 0.03671875
0 0.75234375 0.46640625 0.01953125 0.0359375
0 0.86171875 0.46796875 0.01953125 0.04140625